2.793822403856774579e-04
4.455264962960969142e-05
7.796713685181695490e-05
9.745892106477119362e-05
1.290170478857447281e-04
1.318015884875953453e-04
1.884205807252243257e-04
1.847078599227568543e-04
2.292605095523665389e-04
2.320450501542171290e-04
2.654595373764243992e-04
3.035149256017159953e-04
3.564211970368775313e-04
3.647748188424293557e-04
3.907638644597016559e-04
4.353165140893113677e-04
4.705873617127523736e-04
4.807973439195379066e-04
4.770846231170704351e-04
5.067863895368102068e-04
6.135271126077501604e-04
6.098143918052826348e-04
6.627206632404441166e-04
6.404443384256392879e-04
7.091296732712875370e-04
6.784997266509308839e-04
7.462568812959623600e-04
8.474285231632010251e-04
8.353621805551816751e-04
8.659921271755383282e-04
9.198265788113166915e-04
8.864120915891095026e-04
9.356056422218034588e-04
1.095252636727904894e-03
1.050699987098295237e-03
1.123098042746410903e-03
1.206634260801929147e-03
1.176004314181572493e-03
1.317087704675336517e-03
1.264181433240174927e-03
1.367209435508647463e-03
1.426612968348127007e-03
1.447032932761698181e-03
1.527784610215365563e-03
1.599254485662864565e-03
1.696713406727635813e-03
1.768183282175134598e-03
1.887918528054710566e-03
1.964957484705910640e-03
2.002084692730585463e-03
2.013222855137988040e-03
2.124604479212012075e-03
2.245267905292204925e-03
2.250836986495906213e-03
2.482882036650123532e-03
2.439257567221130539e-03
2.584981858717978753e-03
2.765976997838268461e-03
2.879214982313526260e-03
3.016585652004822975e-03
3.068563743239367467e-03
3.313603316202220692e-03
3.395283173856505389e-03
3.507592978131146306e-03
3.683019036047734292e-03
3.968898537837730299e-03
4.039440233084611552e-03
4.335529717081392821e-03
4.580569290044246046e-03
4.739288104349730600e-03
4.882227855244728604e-03
5.229367250275437050e-03
5.485544985645692852e-03
5.777921748840006595e-03
6.249437290753376284e-03
6.538101333145222502e-03
6.820268114132750116e-03
7.349330828484365585e-03
7.805067306987247856e-03
8.411168977990062315e-03
8.813071004857167198e-03
9.704123997449361216e-03
1.025082213561269613e-02
1.114837238960920789e-02
1.216287334888344583e-02
1.346603835054952826e-02
1.510891730564138669e-02
1.713327832318677774e-02
2.042646167497542617e-02
2.902326669308886303e-02
2.914764283997152428e-02
2.060188773289201372e-02
1.771431912877293596e-02
1.585146146613488141e-02
1.413432809499367421e-02
1.304835726027193769e-02
1.214430974487110820e-02
1.154284897487137772e-02
1.115486965101352562e-02
1.058218246723291803e-02
1.027959572183181902e-02
9.885119136569650924e-03
9.469294406693293253e-03
9.348630980613099536e-03
9.348630980613099536e-03
9.387614549039009423e-03
9.162066760289109407e-03
9.444233541276637889e-03
9.510134335520436036e-03
9.578819670366084393e-03
1.007539607769610858e-02
1.034642469627623448e-02
1.060631515244895781e-02
1.123840586906904408e-02
1.210346981604396542e-02
1.293326291539544613e-02
1.425777606167571814e-02
1.601760572204529928e-02
1.891167158756869651e-02
2.693114852089844094e-02
2.687081680785834495e-02
1.917341840414265447e-02
1.640280050530130290e-02
1.463925812412925076e-02
1.305299816127502253e-02
1.191597741551935798e-02
1.115765419161537757e-02
9.932456326801109708e-03
9.478576208699461200e-03
9.147215877079239305e-03
8.293290092511720543e-03
7.818061829795884196e-03
7.250015547018360575e-03
7.066235867296220656e-03
6.619781190799506332e-03
6.201171920321298450e-03
6.059160349626917762e-03
5.627556556340074408e-03
5.426141452806213308e-03
5.244218133485307153e-03
4.885012395846578814e-03
4.601917434658434752e-03
4.560149325630675522e-03
4.316037932868438745e-03
4.088633783717305833e-03
3.775837056109421132e-03
3.812964264134095956e-03
3.633825485415040444e-03
3.360012326233064329e-03
3.170663565307223122e-03
3.087127347251704661e-03
2.880143162514143141e-03
2.756695195832099647e-03
2.640672670754991205e-03
2.411412161202624530e-03
2.352936808563761868e-03
2.251765166696523095e-03
2.120891758409544550e-03
2.034570999752175879e-03
1.823874094212146616e-03
1.761686020770816428e-03
1.675365262113447757e-03
1.604823566866565637e-03
1.493441942792541602e-03
1.351430372098160696e-03
1.278104136249427931e-03
1.228910585616733867e-03
1.027495482082873418e-03
1.017285499876087939e-03
8.929093529934275641e-04
7.917377111261888990e-04
7.332623584873261286e-04
6.534388612342755193e-04
5.281345341509982626e-04
4.640901003084342579e-04
4.065429278701884232e-04
2.951613037961642251e-04
1.949178421295423872e-04
1.178788854783423138e-04
4.548082983022655928e-05
0.000000000000000000e+00
